0.25285878379454613 0.25285878379454613 0.18287072845458985 0.14721086425781249 0.074531250000000007 0.0 0.0 0.0 0.0 0.0 0.0 0.0 0.0 0.0 0.0 0.0 0.0 0.0 0.0 0.0 0.0 0.0 0.0 0.0 0.0 0.0 0.0 0.0 0.0 0.0 0.00419309699091178 0.0061250097065982901 0.010062508463773809 0.012068717527218066 0.016157642264761882 0.011964545273850104 0.010032632558163593 0.0060951338009880736 0.0040889247375438158 0.0 0.0 0.0 0.0 0.0 0.0 0.0 0.0 0.0 0.0 0.0 
0.25285878379454613 0.28719804899711432 0.21720999365715804 0.18155012946038068 0.10887051520256819 0.034339265202568178 0.0 0.0 0.0 0.0 0.0 0.0 0.0 0.0 0.0 0.0 0.0 0.0 0.0 0.0 0.0 0.0 0.0 0.0 0.0 0.0 0.0 0.0 0.0 0.0 0.00419309699091178 0.00419309699091178 0.0081305957480872978 0.010136804811531555 0.014225729549075373 0.010032632558163593 0.010032632558163593 0.0060951338009880736 0.0040889247375438158 0.0 0.0 0.0 0.0 0.0 0.0 0.0 0.0 0.0 0.0 0.0 
0.18287072845458985 0.21720999365715804 0.21720999365715804 0.18155012946038068 0.10887051520256819 0.034339265202568178 0.0 0.0 0.0 0.0 0.0 0.0 0.0 0.0 0.0 0.0 0.0 0.0 0.0 0.0 0.0 0.0 0.0 0.0 0.0 0.0 0.0 0.0 0.0 0.0 0.00419309699091178 0.00419309699091178 0.00419309699091178 0.0061993060543560369 0.010288230791899854 0.0060951338009880736 0.0060951338009880736 0.0060951338009880736 0.0040889247375438158 0.0 0.0 0.0 0.0 0.0 0.0 0.0 0.0 0.0 0.0 0.0 
0.14721086425781249 0.18155012946038068 0.18155012946038068 0.18155012946038068 0.10887051520256819 0.034339265202568178 0.0 0.0 0.0 0.0 0.0 0.0 0.0 0.0 0.0 0.0 0.0 0.0 0.0 0.0 0.0 0.0 0.0 0.0 0.0 0.0 0.0 0.0 0.0 0.0 0.00419309699091178 0.00419309699091178 0.00419309699091178 0.00419309699091178 0.0082820217284555967 0.0040889247375438158 0.0040889247375438158 0.0040889247375438158 0.0040889247375438158 0.0 0.0 0.0 0.0 0.0 0.0 0.0 0.0 0.0 0.0 0.0 
0.074531250000000007 0.10887051520256819 0.10887051520256819 0.10887051520256819 0.10887051520256819 0.034339265202568178 0.0 0.0 0.0 0.0 0.0 0.0 0.0 0.0 0.0 0.0 0.0 0.0 0.0 0.0 0.0 0.0 0.0 0.0 0.0 0.0 0.0 0.0 0.0 0.0 0.00419309699091178 0.00419309699091178 0.00419309699091178 0.00419309699091178 0.00419309699091178 0.0 0.0 0.0 0.0 0.0 0.0 0.0 0.0 0.0 0.0 0.0 0.0 0.0 0.0 0.0 
0.0 0.034339265202568178 0.034339265202568178 0.034339265202568178 0.034339265202568178 0.034339265202568178 0.0 0.0 0.0 0.0 0.0 0.0 0.0 0.0 0.0 0.0 0.0 0.0 0.0 0.0 0.0087610031849275332 0.0087610031849275332 0.0087610031849275332 0.0087610031849275332 0.0087610031849275332 0.0 0.0 0.0 0.0 0.0 0.0 0.0 0.0 0.0 0.0 0.0 0.0 0.0 0.0 0.0 0.0 0.0 0.0 0.0 0.0 0.0 0.0 0.0 0.0 0.0 
0.0 0.0 0.0 0.0 0.0 0.0 0.0 0.0 0.0 0.0 0.0 0.0 0.0 0.0 0.0 0.0 0.0 0.0 0.0 0.0 0.0087610031849275332 0.016783574166468092 0.016783574166468092 0.016783574166468092 0.016783574166468092 0.0080225709815405586 0.0 0.0 0.0 0.0 0.0 0.0 0.0 0.0 0.0 0.0 0.0 0.0 0.0 0.0 0.0 0.0 0.0 0.0 0.0 0.0 0.0 0.0 0.0 0.0 
0.0 0.0 0.0 0.0 0.0 0.0 0.0 0.0 0.0 0.0 0.0 0.0 0.0 0.0 0.0 0.0 0.0 0.0 0.0 0.0 0.0087610031849275332 0.016783574166468092 0.03313465618620786 0.03313465618620786 0.03313465618620786 0.024373653001280325 0.016351082019739768 0.0 0.0 0.0 0.0 0.0 0.0 0.0 0.0 0.0 0.0 0.0 0.0 0.0 0.0 0.0 0.0 0.0 0.0 0.0 0.0 0.0 0.0 0.0 
0.0 0.0 0.0 0.0 0.0 0.0 0.0 0.0 0.0 0.0 0.0 0.0 0.0 0.0 0.0 0.0 0.0 0.0 0.0083310982347213226 0.0083310982347213226 0.017092101419648856 0.025114672401189413 0.041465754420929181 0.03313465618620786 0.03313465618620786 0.024373653001280325 0.016351082019739768 0.0 0.0 0.0 0.0 0.0 0.0 0.0 0.0 0.0 0.0 0.0 0.0 0.0 0.0 0.0 0.0 0.0 0.0 0.0 0.0 0.0 0.0 0.0 
0.0 0.0 0.0 0.0 0.0 0.0 0.0 0.0 0.0 0.0 0.0 0.0 0.0 0.0 0.0047965666288354285 0.0047965666288354285 0.0047965666288354285 0.0047965666288354285 0.013127664863556751 0.025311000421174651 0.034072003606102186 0.042094574587642743 0.058445656607382511 0.050114558372661183 0.03313465618620786 0.024373653001280325 0.016351082019739768 0.0 0.0 0.0 0.0 0.0 0.0 0.0 0.0 0.0 0.0 0.0 0.0 0.0 0.0 0.0 0.0 0.0 0.0 0.0 0.0 0.0 0.0 0.0 
0.0 0.0 0.0 0.0 0.0 0.0 0.0 0.0 0.0 0.0 0.0 0.0 0.0 0.0 0.0047965666288354285 0.0097153338816068982 0.0097153338816068982 0.0097153338816068982 0.018046432116328219 0.030229767673946119 0.033962491066290589 0.041985062047831145 0.058336144067570914 0.050005045832849593 0.033025143646396263 0.049366177845149822 0.041343606863609265 0.024992524843869501 0.024992524843869501 0.024992524843869501 0.0085437596801989247 0.0085437596801989247 0.0085437596801989247 0.0085437596801989247 0.0085437596801989247 0.0 0.0 0.0 0.0 0.0 0.0 0.0 0.0 0.0 0.0 0.0 0.0 0.0 0.0 0.0 
0.0 0.0 0.0 0.0 0.0 0.0 0.0 0.0 0.0 0.0 0.0 0.0022662554722029638 0.0022662554722029638 0.0022662554722029638 0.0070628221010383928 0.011981589353809862 0.0097153338816068982 0.0097153338816068982 0.018046432116328219 0.030229767673946119 0.033962491066290589 0.033962491066290589 0.050313573086030357 0.041982474851309036 0.025002572664855706 0.041343606863609265 0.061546846323793758 0.04519576430405399 0.04519576430405399 0.04519576430405399 0.028746999140383415 0.016367397799808524 0.016367397799808524 0.016367397799808524 0.016367397799808524 0.0078236381196095991 0.0 0.0 0.0 0.0 0.0 0.0 0.0 0.0 0.0 0.0 0.0 0.0 0.0 0.0 
0.0 0.0 0.0 0.0 0.0 0.0 0.0 0.0 0.0 0.0 0.0 0.0022662554722029638 0.006885189874770133 0.006885189874770133 0.011681756503605562 0.016600523756377029 0.014334268284174067 0.0097153338816068982 0.018046432116328219 0.030229767673946119 0.033962491066290589 0.033962491066290589 0.042872111170002968 0.034541012935281647 0.017561110748828317 0.033902144947581883 0.054105384407766376 0.077463071925633523 0.077463071925633523 0.077463071925633523 0.061014306761962941 0.04863470542138805 0.032313027808049843 0.032313027808049843 0.032313027808049843 0.02376926812785092 0.01594563000824132 0.0 0.0 0.0 0.0 0.0 0.0 0.0 0.0 0.0 0.0 0.0 0.0 0.0 
0.0 0.0 0.0 0.0 0.0 0.0 0.0 0.0 0.0 0.0 0.0 0.0022662554722029638 0.006885189874770133 0.0092385996491853774 0.014035166278020806 0.018953933530792274 0.016687678058589311 0.012068743656022143 0.0097153338816068982 0.021898669439224798 0.025631392831569268 0.025631392831569268 0.034541012935281647 0.043563413040306843 0.026583510853853513 0.042924545052607073 0.063127784512791565 0.086485472030658705 0.089420875422381113 0.089420875422381113 0.07297211025871056 0.060592508918135661 0.044270831304797455 0.040437542739404392 0.040437542739404392 0.031893783059205469 0.024070144939595868 0.0081245149313545467 0.0 0.0 0.0 0.0 0.0 0.0 0.0 0.0 0.0 0.0 0.0 0.0 
0.0 0.0 0.0 0.0 0.0 0.0 0.0 0.0 0.0 0.0 0.0 0.0022662554722029638 0.006885189874770133 0.0092385996491853774 0.0092385996491853774 0.014157366901956847 0.011891111429753883 0.0072721770271867141 0.0049187672527714697 0.0049187672527714697 0.0086514906451159376 0.0086514906451159376 0.017561110748828317 0.026583510853853513 0.069343996323257467 0.085685030522011027 0.10588826998219553 0.12924595750006265 0.13218136089178506 0.097752376073025116 0.081303610909354534 0.068924009568779643 0.052602331955441436 0.048769043390048374 0.048664899631915323 0.0401211399517164 0.032297501832106799 0.01635187182386548 0.0082273568925109331 0.0 0.0 0.0 0.0 0.0 0.0 0.0 0.0 0.0 0.0 0.0 
0.0 0.0 0.0 0.0 0.0 0.0 0.0 0.0 0.0 0.0 0.0 0.0022662554722029638 0.006885189874770133 0.0092385996491853774 0.0092385996491853774 0.0092385996491853774 0.0069723441769824132 0.0023534097744152445 0.0 0.0 0.0 0.0 0.008909620103712379 0.017932020208737576 0.060692505678141523 0.079549861783508577 0.099753101243693076 0.1231107887615602 0.12604619215328261 0.091617207334522666 0.081196813913352039 0.068817212572777148 0.052495534959438948 0.048662246394045885 0.048558102635912842 0.0401211399517164 0.032297501832106799 0.01635187182386548 0.0082273568925109331 0.0 0.0 0.0 0.0 0.0 0.0 0.0 0.0 0.0 0.0 0.0 
0.0 0.0 0.0 0.0 0.0 0.0 0.0 0.0 0.0 0.0 0.0 0.0 0.0046189344025671687 0.0069723441769824132 0.0069723441769824132 0.0069723441769824132 0.0069723441769824132 0.0023534097744152445 0.0 0.0 0.0 0.0 0.008909620103712379 0.017932020208737576 0.060692505678141523 0.079549861783508577 0.079549861783508577 0.10290754930137572 0.10584295269309812 0.071413967874338166 0.060993574453167554 0.060993574453167554 0.044671896839829348 0.040838608274436285 0.040734464516303241 0.032297501832106799 0.032297501832106799 0.01635187182386548 0.0082273568925109331 0.0 0.0 0.0 0.0 0.0 0.0 0.0 0.0 0.0 0.0 0.0 
0.0 0.0 0.0 0.0 0.0 0.0 0.0 0.0 0.0 0.0 0.0 0.0 0.0 0.0023534097744152445 0.0023534097744152445 0.0023534097744152445 0.0023534097744152445 0.0023534097744152445 0.0 0.0 0.0 0.0 0.0 0.009022400105025195 0.051782885574429144 0.070640241679796198 0.070640241679796198 0.070640241679796198 0.073575645071518606 0.03914666025275864 0.028726266831588028 0.028726266831588028 0.028726266831588028 0.024892978266194965 0.024788834508061922 0.01635187182386548 0.01635187182386548 0.01635187182386548 0.0082273568925109331 0.0 0.0 0.0 0.0 0.0 0.0 0.0 0.0 0.0 0.0 0.0 
0.0 0.0 0.0 0.0 0.0 0.0 0.0 0.0 0.0 0.0 0.0 0.0 0.0 0.0 0.0 0.0 0.0 0.0 0.0 0.0 0.0 0.0 0.0 0.0 0.042760485469403947 0.061617841574771001 0.061617841574771001 0.061617841574771001 0.061617841574771001 0.027188856756011029 0.01676846333484042 0.01676846333484042 0.01676846333484042 0.01676846333484042 0.016664319576707373 0.0082273568925109331 0.0082273568925109331 0.0082273568925109331 0.0082273568925109331 0.0 0.0 0.0 0.0 0.0 0.0 0.0 0.0 0.0 0.0 0.0 
0.0 0.0 0.0 0.0 0.0 0.0 0.0 0.0 0.0 0.0 0.0 0.0 0.0 0.0 0.0 0.0 0.0 0.0 0.0 0.0 0.0 0.0 0.0 0.0 0.0 0.018857356105367047 0.018857356105367047 0.018857356105367047 0.018857356105367047 0.018857356105367047 0.0084369626841964383 0.0084369626841964383 0.0084369626841964383 0.0084369626841964383 0.0084369626841964383 0.0 0.0 0.0 0.0 0.0 0.0 0.0 0.0 0.0 0.0 0.0 0.0 0.0 0.0 0.0 
0.0 0.0 0.0 0.0 0.0 0.0 0.0 0.0 0.0 0.0 0.0 0.0 0.0 0.0 0.0 0.0 0.0 0.0 0.0 0.0 0.0 0.0 0.0 0.0 0.0 0.0 0.0 0.0 0.0 0.0 0.0 0.0 0.0 0.0 0.0 0.0036760988745530992 0.0036760988745530992 0.0036760988745530992 0.0036760988745530992 0.0036760988745530992 0.0 0.0 0.0 0.0 0.0 0.0 0.0 0.0 0.0 0.0 
0.0 0.0 0.0 0.0 0.0 0.0 0.0 0.0 0.0 0.0 0.0 0.0 0.0 0.0 0.0 0.0 0.0 0.0 0.0 0.0 0.0 0.0 0.0 0.0 0.0 0.0 0.0 0.0 0.0 0.0 0.0 0.0017120194051837374 0.0017120194051837374 0.0017120194051837374 0.0017120194051837374 0.0053881182797368369 0.0036760988745530992 0.0036760988745530992 0.0036760988745530992 0.0036760988745530992 0.0 0.0 0.0 0.0 0.0 0.0 0.0 0.0 0.0 0.0 
0.0 0.0 0.0 0.0 0.0 0.0 0.0 0.0 0.0 0.0 0.0 0.0 0.0 0.0 0.0 0.0 0.0 0.0 0.0 0.0 0.0 0.0 0.0 0.0 0.0 0.0 0.0 0.0 0.0 0.0 0.0 0.0017120194051837374 0.0052013459288076979 0.0052013459288076979 0.0052013459288076979 0.008877444803360798 0.0071654253981770603 0.0036760988745530992 0.0036760988745530992 0.0036760988745530992 0.0 0.0 0.0 0.0 0.0 0.0 0.0 0.0 0.0 0.0 
0.0 0.0 0.0 0.0 0.0 0.0 0.0 0.0 0.0 0.0 0.0 0.0 0.0 0.0 0.0 0.0 0.0 0.0 0.0 0.0 0.0 0.0 0.0 0.0 0.0 0.0 0.0 0.0 0.0 0.0 0.0 0.0017120194051837374 0.0052013459288076979 0.0069792051558750772 0.0069792051558750772 0.010655304030428176 0.0089432846252444388 0.0054539581016204786 0.0036760988745530992 0.0036760988745530992 0.0 0.0 0.0 0.0022947358419288838 0.0022947358419288838 0.0022947358419288838 0.0022947358419288838 0.0022947358419288838 0.0 0.0 
0.0 0.0 0.0 0.0 0.0 0.0 0.0 0.0 0.0 0.0 0.0 0.0 0.0 0.0 0.0 0.0 0.0 0.0 0.0 0.0 0.0 0.0 0.0 0.0 0.0 0.0 0.0 0.0 0.0 0.0 0.0 0.0017120194051837374 0.0052013459288076979 0.0069792051558750772 0.010602722119229838 0.014278820993782937 0.0125668015885992 0.0090774750649752385 0.00729961583790786 0.0036760988745530992 0.0 0.0 0.0 0.0022947358419288838 0.006971717080405955 0.006971717080405955 0.006971717080405955 0.006971717080405955 0.0046769812384770716 0.0 
0.0 0.0 0.0 0.0 0.0 0.0 0.0 0.0 0.0 0.0 0.0 0.0 0.0 0.0 0.0 0.0 0.0 0.0 0.0 0.0 0.0 0.0 0.0 0.0 0.0 0.0 0.0 0.0 0.0 0.0 0.0 0.0017120194051837374 0.0052013459288076979 0.0069792051558750772 0.010602722119229838 0.010642455413475084 0.0089304360082913467 0.0054411094846673856 0.0036632502576000063 3.9733294245245337e-05 0.0 0.0 0.0 0.0022947358419288838 0.006971717080405955 0.011767852303327483 0.011767852303327483 0.011767852303327483 0.0094731164613986001 0.0047961352229215284 
0.0 0.0 0.0 0.0 0.0 0.0 0.0 0.0 0.0 0.0 0.0 0.0 0.0 0.0 0.0 0.0 0.0 0.0 0.0 0.0 0.0 0.0 0.0 0.0 0.0 0.0 0.0 0.0 0.0 0.0 0.0 0.0 0.0034893265236239602 0.0052671857506913396 0.0088907027140461004 0.0089304360082913467 0.0089304360082913467 0.0054411094846673856 0.0036632502576000063 3.9733294245245337e-05 0.0 0.0 0.0 0.0022947358419288838 0.006971717080405955 0.011767852303327483 0.013977606726703997 0.013977606726703997 0.011682870884775114 0.0070058896462980424 
0.0 0.0 0.0 0.0 0.0 0.0 0.0 0.0 0.0 0.0 0.0 0.0 0.0 0.0 0.0 0.0 0.0 0.0 0.0 0.0 0.0 0.0 0.0 0.0 0.0 0.0 0.0 0.0 0.0 0.0 0.0 0.0 0.0 0.0017778592270673791 0.0054013761904221401 0.0054411094846673856 0.0054411094846673856 0.0054411094846673856 0.0036632502576000063 3.9733294245245337e-05 0.0 0.0 0.0 0.0022947358419288838 0.006971717080405955 0.011767852303327483 0.013977606726703997 0.01848138436896473 0.01618664852703585 0.011509667288558779 
0.0 0.0 0.0 0.0 0.0 0.0 0.0 0.0 0.0 0.0 0.0 0.0 0.0 0.0 0.0 0.0 0.0 0.0 0.0 0.0 0.0 0.0 0.0 0.0 0.0 0.0 0.0 0.0 -0.011270775175136723 -0.011270775175136723 -0.011270775175136723 -0.011270775175136723 -0.011270775175136723 0.0 0.0036235169633547608 0.0036632502576000063 0.0036632502576000063 0.0036632502576000063 0.0036632502576000063 3.9733294245245337e-05 0.0 0.0 0.0 0.0 0.0046769812384770716 0.0094731164613986001 0.011682870884775114 0.01618664852703585 0.01618664852703585 0.011509667288558779 
0.0 0.0 0.0 0.0 0.0 0.0 0.0 0.0 0.0 0.0 0.0 0.0 0.0 0.0 -0.023499948884086935 -0.023499948884086935 -0.023499948884086935 -0.023499948884086935 -0.023499948884086935 0.0 0.0 0.0 0.0 0.0 0.0 0.0 0.0 0.0 -0.011270775175136723 -0.034242135570544369 -0.034242135570544369 -0.034242135570544369 -0.034242135570544369 -0.022971360395407647 0.0 3.9733294245245337e-05 3.9733294245245337e-05 3.9733294245245337e-05 3.9733294245245337e-05 3.9733294245245337e-05 0.0 0.0 0.0 0.0 0.0 0.0047961352229215284 0.0070058896462980424 0.011509667288558779 0.011509667288558779 0.011509667288558779 
0.0 0.0 0.0 0.0 0.0 0.0 0.0 0.0 0.0 0.0 0.0 0.0 0.0 0.0 -0.023499948884086935 -0.071396015188458964 -0.071396015188458964 -0.071396015188458964 -0.071396015188458964 -0.047896066304372029 0.0 0.0 0.0 0.0 0.0 -0.011852374611842275 -0.011852374611842275 -0.011852374611842275 -0.023123149786978998 -0.046094510182386639 -0.045946355499738613 -0.045946355499738613 -0.045946355499738613 -0.034675580324601891 -0.011704219929194246 0.0 0.0 0.0 0.0 0.0 0.0 0.0 0.0 0.0 0.0 0.0 0.0022097544233765135 0.0067135320656372486 0.0067135320656372486 0.0067135320656372486 
0.0 0.0 0.0 0.0 0.0 0.0 0.0 0.0 0.0 0.0 0.0 0.0 0.0 0.0 -0.023499948884086935 -0.071396015188458964 -0.093463479815519696 -0.093463479815519696 -0.093463479815519696 -0.06996353093143276 -0.022067464627060735 0.0 0.0 0.0 0.0 -0.011852374611842275 -0.022705756880541952 -0.022705756880541952 -0.033976532055678674 -0.056947892451086314 -0.056799737768438288 -0.045946355499738613 -0.045946355499738613 -0.034675580324601891 -0.011704219929194246 0.0 0.0 0.0 0.0 0.0 0.0 0.0 0.0 0.0 0.0 0.0 0.0098318134603855058 0.01433559110264624 0.01433559110264624 0.01433559110264624 
0.0 0.0 0.0 0.0 0.0 0.0 0.0 0.0 0.0 0.0 0.0 0.0 -0.011738038631439209 -0.011738038631439209 -0.035237987515526148 -0.083134053819898177 -0.10520151844695891 -0.1267019113100559 -0.1267019113100559 -0.10320196242596896 -0.055305896121596934 -0.033238431494536202 0.0 0.0 0.0 -0.011852374611842275 -0.022705756880541952 -0.044826414220368885 -0.056097189395505606 -0.079068549790913253 -0.078920395108265221 -0.068067012839565538 -0.045946355499738613 -0.034675580324601891 -0.011704219929194246 0.0 0.0 0.0 0.0 0.0 0.0 0.0 0.0 0.0 0.0 0.0 0.0098318134603855058 0.029870375744651432 0.029870375744651432 0.029870375744651432 
0.0 0.0 0.0 0.0 0.0 0.0 0.0 0.0 0.0 0.0 0.0 0.0 -0.011738038631439209 -0.02362466003036499 -0.047124608914451929 -0.095020675218823958 -0.11708813984588469 -0.13858853270898169 -0.13773141194012803 -0.11423146305604108 -0.066335396751669065 -0.044267932124608327 -0.011029500630072121 0.0 0.0 -0.011852374611842275 -0.022705756880541952 -0.044826414220368885 -0.044826414220368885 -0.067797774615776532 -0.067649619933128499 -0.056796237664428824 -0.034675580324601891 -0.034675580324601891 -0.011704219929194246 0.0 0.0 0.0 0.0 0.0 0.0 0.0 0.0 0.0 0.0 0.0 0.0098318134603855058 0.029870375744651432 0.040080295227121129 0.040080295227121129 
0.0 0.0 0.0 0.0 0.0 0.0 0.0 0.0 0.0 0.0044548484279324811 0.0044548484279324811 0.0044548484279324811 -0.0072831902035067281 -0.019169811602432509 -0.046830859553400841 -0.09472692585777287 -0.1167943904848336 -0.13829478334793061 -0.13743766257907694 -0.11423146305604108 -0.066335396751669065 -0.044267932124608327 -0.011029500630072121 0.0 0.0 -0.011852374611842275 -0.022705756880541952 -0.044826414220368885 -0.044826414220368885 -0.044826414220368885 -0.044678259537720859 -0.033824877269021184 -0.011704219929194246 -0.011704219929194246 -0.011704219929194246 0.0 0.0 0.0 0.0 0.0 0.0 0.0 0.0 0.0 0.0 0.0 0.0098318134603855058 0.029870375744651432 0.040080295227121129 0.060889488596295074 
0.0 0.0 0.0 0.0 0.0 0.0 0.0 0.0 0.0 0.0044548484279324811 0.013534430546711711 0.013534430546711711 0.0017963919152725015 -0.01009022948365328 -0.037751277434621609 -0.046830859553400841 -0.068898324180461573 -0.090398717043558563 -0.089541596274704899 -0.066335396751669065 -0.066335396751669065 -0.044267932124608327 -0.011029500630072121 0.0 0.0 0.0 -0.010853382268699677 -0.032974039608526608 -0.032974039608526608 -0.032974039608526608 -0.040927650423139367 -0.030074268154439691 -0.0079536108146127573 -0.0079536108146127573 -0.0079536108146127573 0.0 0.0 0.0 0.0 0.0 0.0 0.0 0.0 0.0 0.0 0.02133934266346952 0.031171156123855025 0.051209718408120955 0.061419637890590656 0.082228831259764601 
0.0 0.0 0.0 0.0 0.0 0.0 0.0041832946355422158 0.0041832946355422158 0.0041832946355422158 0.0086381430634746969 0.017717725182253927 0.013534430546711711 0.0017963919152725015 -0.01009022948365328 -0.037751277434621609 -0.046830859553400841 -0.046830859553400841 -0.068331252416497831 -0.067474131647644167 -0.044267932124608327 -0.044267932124608327 -0.044267932124608327 -0.011029500630072121 0.0 0.0 0.0 0.0 -0.022120657339826932 -0.022120657339826932 -0.022120657339826932 -0.030074268154439691 -0.037357498849933071 -0.015236841510106137 -0.015236841510106137 -0.015236841510106137 -0.0072832306954933798 0.0 0.0 0.0 0.0 0.0 0.0 0.0 0.0 0.0 0.02133934266346952 0.02133934266346952 0.041377904947735446 0.051587824430205147 0.072397017799379099 
0.0 0.0 0.0 0.0 0.0 0.0 0.0041832946355422158 0.012709413488946636 0.012709413488946636 0.017164261916879118 0.02624384403565835 0.022060549400116133 0.013534430546711711 0.0016478091477859294 -0.0260132388031824 -0.035092820921961629 -0.035092820921961629 -0.035092820921961629 -0.034235700153107965 -0.011029500630072121 -0.011029500630072121 -0.011029500630072121 -0.011029500630072121 0.0 0.0 0.0 0.0 0.0 0.0 0.0 -0.0079536108146127573 -0.015236841510106137 -0.030081048279321933 -0.030081048279321933 -0.030081048279321933 -0.022127437464709174 -0.014844206769215796 0.0 0.0 0.0 0.0 0.0 0.0 0.0 0.0 0.02133934266346952 0.02133934266346952 0.02133934266346952 0.031549262145939221 0.052358455515113166 
0.0 0.0 0.0 0.0 0.0 0.0 0.0041832946355422158 0.012709413488946636 0.017053586776247669 0.021508435204180155 0.03058801732295938 0.026404722687417163 0.017878603834012744 0.013534430546711711 -0.014126617404256619 -0.023206199523035848 -0.023206199523035848 -0.023206199523035848 -0.023206199523035848 0.0 0.0 0.0 0.0 0.0 0.0 0.0 0.0 0.0 0.0 0.0 -0.0079536108146127573 -0.015236841510106137 -0.030081048279321933 -0.037644373119938214 -0.037644373119938214 -0.029690762305325455 -0.022407531609832075 -0.0075633248406162803 0.0 0.0 0.0 0.0 0.0 0.0 0.0 0.02133934266346952 0.02133934266346952 0.02133934266346952 0.02133934266346952 0.042148536032643465 
0.0 0.0 0.0 0.0 0.0 0.0 0.0041832946355422158 0.012709413488946636 0.017053586776247669 0.021452749598830995 0.030532331717610228 0.026349037082068011 0.017822918228663588 0.013478744941362555 0.0090795821187792287 0.0 0.0 0.0 0.0 -0.019455790260013137 -0.019455790260013137 -0.019455790260013137 -0.019455790260013137 -0.019455790260013137 0.0 0.0 0.0 0.0 0.0 0.0 -0.0079536108146127573 -0.015236841510106137 -0.030081048279321933 -0.037644373119938214 -0.053059449545613438 -0.045105838731000686 -0.037822608035507306 -0.022978401266291509 -0.015415076425675227 0.0 0.0 0.0 0.0 0.0 0.0074130485709032598 0.02875239123437278 0.02875239123437278 0.02875239123437278 0.02875239123437278 0.02133934266346952 
0.0 0.0 0.0 0.0 0.0 0.0 0.0041832946355422158 0.012709413488946636 0.017053586776247669 0.021452749598830995 0.021452749598830995 0.017269454963288779 0.0087433361098843594 0.0043991628225833251 0.0 0.0 0.0 0.0 0.0 -0.019455790260013137 -0.039407249587698458 -0.039407249587698458 -0.039407249587698458 -0.039407249587698458 -0.019951459327685321 0.0 0.0 0.0 0.0 0.0 -0.014878194099108785 -0.022161424794602164 -0.037005631563817962 -0.044568956404434243 -0.059984032830109467 -0.054352246274517242 -0.047069015579023862 -0.032224808809808068 -0.024661483969191791 -0.0092464075435165632 0.0 0.0 0.0 0.0 0.0074130485709032598 0.02252184168448914 0.02252184168448914 0.02252184168448914 0.02252184168448914 0.015108793113585879 
0.0 0.0 0.0 0.0 0.0 0.0 0.0 0.0085261188534044192 0.012870292140705454 0.017269454963288779 0.017269454963288779 0.017269454963288779 0.0087433361098843594 0.0043991628225833251 0.0 0.0 0.0 0.0 0.0 -0.019455790260013137 -0.039407249587698458 -0.04859961457596363 -0.04859961457596363 -0.04859961457596363 -0.029143824315950494 -0.0091923649882651726 0.0 0.0 0.0 0.0 -0.014878194099108785 -0.025570327724660155 -0.040414534493875949 -0.04797785933449223 -0.063392935760167454 -0.057761149204575229 -0.047069015579023862 -0.032224808809808068 -0.024661483969191791 -0.0092464075435165632 0.0 0.0 0.0 0.0 0.0074130485709032598 0.02252184168448914 0.032751326419736493 0.032751326419736493 0.032751326419736493 0.025338277848833232 
0.0 0.0 0.0 0.0 0.0 0.0 0.0 0.0 0.0043441732873010343 0.0087433361098843594 0.0087433361098843594 0.0087433361098843594 0.0087433361098843594 0.0043991628225833251 0.0 0.0 0.0 0.0 0.0 -0.019455790260013137 -0.039407249587698458 -0.04859961457596363 -0.067334894603320303 -0.067334894603320303 -0.047879104343307166 -0.027927645015621845 -0.018735280027356672 -0.013109235734520379 -0.013109235734520379 -0.013109235734520379 -0.027987429833629163 -0.038679563459180534 -0.046597453712003301 -0.054160778552619582 -0.069575854978294813 -0.063944068422702588 -0.053251934797151221 -0.032224808809808068 -0.024661483969191791 -0.0092464075435165632 0.0 0.0 0.0 0.0 0.0074130485709032598 0.02252184168448914 0.032751326419736493 0.053600396413703219 0.053600396413703219 0.046187347842799958 
0.0 0.0 0.0 0.0 0.0 0.0 0.0 0.0 0.0 0.0043991628225833251 0.0043991628225833251 0.0043991628225833251 0.0043991628225833251 0.0043991628225833251 0.0 0.0 0.0 0.0 -0.0095458794821338035 -0.029001669742146942 -0.048953129069832263 -0.058145494058097436 -0.076880774085454101 -0.067334894603320303 -0.047879104343307166 -0.027927645015621845 -0.018735280027356672 -0.013109235734520379 -0.019788569282878823 -0.019788569282878823 -0.034666763381987611 -0.045358897007538979 -0.053276787260361752 -0.057311059819717347 -0.072726136245392578 -0.067094349689800353 -0.056402216064248986 -0.035375090076905841 -0.024661483969191791 -0.0092464075435165632 0.0 0.0 0.0 0.01062288416219943 0.018035932733102691 0.033144725846688566 0.043374210581935919 0.064223280575902653 0.053600396413703219 0.046187347842799958 
0.0 0.0 0.0 0.0 0.0 0.0 0.0 0.0 0.0 0.0 0.0 0.0 0.0 0.0 0.0 0.0 0.0 0.0 -0.0095458794821338035 -0.0095458794821338035 -0.029497338809819126 -0.038689703798084299 -0.057424983825440971 -0.047879104343307166 -0.047879104343307166 -0.027927645015621845 -0.018735280027356672 -0.013109235734520379 -0.019788569282878823 -0.046221034751718161 -0.061099228850826942 -0.071791362476378309 -0.079709252729201083 -0.083743525288556678 -0.066327751925824671 -0.06069596537023246 -0.050003831744681093 -0.028976705757337937 -0.018263099649623887 -0.0092464075435165632 0.0 0.0 0.0 0.01062288416219943 0.024860706692590315 0.039969499806176194 0.050198984541423547 0.071048054535390273 0.06042517037319084 0.046187347842799958 
0.0 0.0 0.0 0.0 0.0 0.0 0.0 0.0 0.0 0.0 0.0 0.0 0.0 0.0 0.0 -0.00084802503495218337 -0.00084802503495218337 -0.00084802503495218337 -0.010393904517085988 -0.010393904517085988 -0.0095458794821338035 -0.018738244470398978 -0.03747352449775565 -0.027927645015621845 -0.027927645015621845 -0.027927645015621845 -0.018735280027356672 -0.013109235734520379 -0.019788569282878823 -0.046221034751718161 -0.066302908435159444 -0.076995042060710811 -0.084912932313533585 -0.08894720487288918 -0.071531431510157173 -0.051449557826715897 -0.04075742420116453 -0.019730298213821374 -0.0090166921061073241 0.0 0.0 0.0 0.0 0.01062288416219943 0.024860706692590315 0.056954377134249196 0.067183861869496542 0.088032931863463254 0.077410047701263834 0.063172225170872953 
0.0 0.0 0.0 0.0 0.0 0.0 0.0 0.0 0.0 0.0 0.0 0.0 0.0 0.0 0.0 -0.00084802503495218337 -0.0016245732102492545 -0.0016245732102492545 -0.011170452692383058 -0.011170452692383058 -0.010322427657430874 -0.0095458794821338035 -0.028281159509490478 -0.018735280027356672 -0.018735280027356672 -0.018735280027356672 -0.018735280027356672 -0.013109235734520379 -0.019788569282878823 -0.046221034751718161 -0.066302908435159444 -0.072359598198456374 -0.080277488451279147 -0.084311761010634742 -0.066895987647902735 -0.046814113964461453 -0.04075742420116453 -0.019730298213821374 -0.0090166921061073241 0.0 0.0 0.0 0.0 0.01062288416219943 0.024860706692590315 0.056954377134249196 0.079847220602627972 0.10069629059659468 0.090073406434395265 0.075835583904004383 
0.0 0.0 0.0 0.0 0.0 0.0 0.0 0.0 0.0 0.0 0.0 0.0 -0.0015827099486907139 -0.0015827099486907139 -0.0015827099486907139 -0.0024307349836428971 -0.0032072831589399684 -0.0016245732102492545 -0.011170452692383058 -0.011170452692383058 -0.010322427657430874 -0.0095458794821338035 -0.0095458794821338035 0.0 0.0 0.0 0.0 0.0 -0.0066793335483584437 -0.033111799017197782 -0.053193672700639065 -0.059250362463935988 -0.059250362463935988 -0.063284635023291597 -0.045868861660559583 -0.025786987977118297 -0.019730298213821374 -0.019730298213821374 -0.0090166921061073241 0.0 0.0 0.0 0.0 0.01062288416219943 0.024860706692590315 0.056954377134249196 0.079847220602627972 0.12650592416259884 0.1158830400003994 0.10164521747000851 
0.0 0.0 0.0 0.0 0.0 0.0 0.0 0.0 0.0 0.0 0.0 0.0 -0.0015827099486907139 -0.0023891221508737064 -0.0023891221508737064 -0.0032371471858258899 -0.0040136953611229608 -0.0024309854124322473 -0.0016245732102492545 -0.0016245732102492545 -0.00077654817529707119 0.0 0.0 0.0 0.0 0.0 0.0 0.0 0.0 -0.026432465468839338 -0.04651433915228062 -0.052571028915577543 -0.052571028915577543 -0.052571028915577543 -0.03515525555284553 -0.015073381869404247 -0.0090166921061073241 -0.0090166921061073241 -0.0090166921061073241 0.0 0.0 0.0 0.0 0.0 0.014237822530390885 0.046331492972049762 0.069224336440428552 0.1158830400003994 0.13965628279825096 0.12541846026786008 
0.0 0.0 0.0 0.0 0.0 0.0 0.0 0.0 0.0 0.0 0.0 0.0 -0.0015827099486907139 -0.0023891221508737064 -0.0040326990154415099 -0.0048807240503936939 -0.0056572722256907652 -0.0040745622770000508 -0.0032681500748170588 -0.0016245732102492545 -0.00077654817529707119 0.0 0.0 0.0 0.0 0.0 0.0 0.0 0.0 0.0 -0.020081873683441286 -0.026138563446738209 -0.026138563446738209 -0.026138563446738209 -0.026138563446738209 -0.0060566897632969236 0.0 0.0 0.0 0.0 0.0 0.0 0.0 0.0 0.0 0.032093670441658874 0.054986513910037657 0.10164521747000851 0.12541846026786008 0.17387153643973507 
